%TITLE%
 OUN   260401/0000 

   LEVEL       HGHT       TEMP       DWPT       WDIR       WSPD
-------------------------------------------------------------------
%RAW%
 1000.00,     67.00,  -9999.00,  -9999.00,  -9999.00,  -9999.00
  969.00,    357.00,     28.00,     15.00,    170.00,      8.00
  951.00,    517.73,     25.79,     13.48,    175.00,     23.00
  943.00,    590.15,     24.80,     12.80,  -9999.00,  -9999.00
  925.00,    754.00,     23.20,     13.20,    180.00,     24.01
  892.00,   1067.62,     20.28,     12.47,    190.00,     25.99
  850.00,   1484.00,     16.40,     11.50,    195.00,     25.00
  830.00,   1686.54,     14.60,     11.10,  -9999.00,  -9999.00
  814.00,   1851.19,     13.20,     10.60,  -9999.00,  -9999.00
  799.00,   2007.86,     12.40,      8.90,  -9999.00,  -9999.00
  796.00,   2039.55,     12.85,      7.67,    210.00,     24.01
  791.00,   2092.62,     13.60,      5.60,  -9999.00,  -9999.00
  785.00,   2156.82,     13.40,      4.40,  -9999.00,  -9999.00
  782.00,   2189.12,     14.20,      0.20,  -9999.00,  -9999.00
  768.00,   2341.47,     13.80,     -3.20,  -9999.00,  -9999.00
  759.00,   2440.86,     14.40,     -6.60,  -9999.00,  -9999.00
  748.00,   2563.80,     13.38,     -3.24,    260.00,     18.01
  744.00,   2608.96,     13.00,     -2.00,  -9999.00,  -9999.00
  727.00,   2802.81,     12.00,     -6.00,  -9999.00,  -9999.00
  700.00,   3118.00,      9.20,     -6.80,    260.00,     15.00
  690.00,   3235.60,      8.14,     -7.08,    260.00,     13.00
  638.00,   3876.01,      2.40,     -8.60,  -9999.00,  -9999.00
  619.00,   4115.61,      0.18,     -9.15,    240.00,     18.01
  556.00,   4966.25,     -7.70,    -11.10,  -9999.00,  -9999.00
  555.00,   4980.24,     -7.90,    -11.20,  -9999.00,  -9999.00
  552.00,   5022.32,     -8.30,    -12.60,  -9999.00,  -9999.00
  532.00,   5307.09,    -11.10,    -13.20,  -9999.00,  -9999.00
  530.00,   5335.99,    -11.30,    -13.00,  -9999.00,  -9999.00
  527.00,   5379.49,    -11.70,    -14.20,  -9999.00,  -9999.00
  500.00,   5780.00,    -14.50,    -16.30,    235.00,     20.01
  499.00,   5795.20,    -14.65,    -16.40,    235.00,     20.01
  492.00,   5902.50,    -15.70,    -17.10,  -9999.00,  -9999.00
  482.00,   6057.71,    -16.50,    -18.76,    250.00,     17.00
  477.00,   6136.53,    -16.90,    -19.60,  -9999.00,  -9999.00
  455.00,   6490.32,    -19.83,    -21.15,    240.00,     22.01
  453.00,   6523.33,    -20.10,    -21.30,  -9999.00,  -9999.00
  446.00,   6639.08,    -20.90,    -23.20,  -9999.00,  -9999.00
  442.00,   6705.99,    -20.50,    -24.20,  -9999.00,  -9999.00
  438.00,   6773.50,    -20.90,    -24.20,  -9999.00,  -9999.00
  424.00,   7013.30,    -22.80,    -24.93,    260.00,     27.99
  419.00,   7100.87,    -23.50,    -25.20,  -9999.00,  -9999.00
  413.00,   7206.65,    -24.10,    -27.00,  -9999.00,  -9999.00
  405.00,   7349.54,    -25.50,    -27.30,  -9999.00,  -9999.00
  402.00,   7403.69,    -25.50,    -29.40,  -9999.00,  -9999.00
  400.00,   7440.00,    -25.70,    -29.50,    255.00,     29.00
  387.00,   7678.18,    -27.70,    -30.60,  -9999.00,  -9999.00
  384.00,   7734.03,    -27.90,    -32.10,  -9999.00,  -9999.00
  375.00,   7903.66,    -29.30,    -33.90,  -9999.00,  -9999.00
  371.00,   7980.08,    -29.70,    -37.70,  -9999.00,  -9999.00
  364.00,   8115.46,    -30.50,    -41.50,  -9999.00,  -9999.00
  362.00,   8154.55,    -30.50,    -44.50,  -9999.00,  -9999.00
  357.00,   8252.83,    -31.12,    -47.88,    260.00,     35.00
  346.00,   8473.96,    -32.50,    -55.50,  -9999.00,  -9999.00
  335.00,   8699.21,    -34.57,    -50.52,    250.00,     29.00
  323.00,   8953.54,    -36.90,    -44.90,  -9999.00,  -9999.00
  321.00,   8996.43,    -37.10,    -46.10,  -9999.00,  -9999.00
  317.00,   9082.79,    -38.10,    -45.10,  -9999.00,  -9999.00
  312.00,   9191.88,    -38.90,    -46.90,  -9999.00,  -9999.00
  309.00,   9258.03,    -39.10,    -52.10,  -9999.00,  -9999.00
  307.00,   9302.44,    -39.30,    -50.30,  -9999.00,  -9999.00
  306.00,   9324.74,    -39.40,    -53.39,    265.00,     29.00
  305.00,   9347.11,    -39.50,    -56.50,  -9999.00,  -9999.00
  304.00,   9369.56,    -39.30,    -63.30,  -9999.00,  -9999.00
  300.00,   9460.00,    -39.90,    -60.90,    265.00,     29.00
  274.00,  10066.88,    -45.50,    -64.17,    260.00,     22.01
  267.00,  10240.12,    -47.10,    -65.10,  -9999.00,  -9999.00
  265.00,  10289.60,    -47.70,    -62.70,  -9999.00,  -9999.00
  260.00,  10414.45,    -48.90,    -54.90,    255.00,     23.00
  258.00,  10464.89,    -49.30,    -54.30,  -9999.00,  -9999.00
  256.00,  10515.65,    -49.50,    -53.80,  -9999.00,  -9999.00
  250.00,  10670.00,    -50.30,    -55.00,    270.00,     37.01
  242.00,  10882.05,    -51.90,    -56.60,  -9999.00,  -9999.00
  239.00,  10962.98,    -52.50,    -55.90,    270.00,     44.00
  229.00,  11238.39,    -54.90,    -59.90,  -9999.00,  -9999.00
  226.00,  11322.70,    -55.90,    -59.90,  -9999.00,  -9999.00
  224.00,  11379.29,    -56.43,    -61.76,    285.00,     42.00
  223.00,  11407.78,    -56.70,    -62.70,  -9999.00,  -9999.00
  200.00,  12090.00,    -62.70,    -66.90,    280.00,     44.00
  191.00,  12370.77,    -65.50,    -69.30,    275.00,     47.01
  176.00,  12860.22,    -69.89,    -74.74,    280.00,     44.00
  174.00,  12928.61,    -70.50,    -75.50,    280.00,     40.00
  172.00,  12997.55,    -66.90,    -72.90,  -9999.00,  -9999.00
  169.00,  13103.26,    -67.50,    -73.50,    270.00,     31.99
  161.00,  13396.85,    -63.70,    -77.70,  -9999.00,  -9999.00
  159.00,  13473.22,    -63.70,    -81.69,    255.00,     39.01
  158.00,  13511.77,    -63.70,    -83.70,  -9999.00,  -9999.00
  155.00,  13629.00,    -63.30,    -83.30,  -9999.00,  -9999.00
  150.00,  13830.00,    -62.70,    -82.70,    260.00,     44.00
  148.00,  13912.70,    -62.30,    -83.30,  -9999.00,  -9999.00
  143.00,  14124.05,    -63.50,    -83.50,  -9999.00,  -9999.00
  134.00,  14522.67,    -63.50,    -86.50,  -9999.00,  -9999.00
  131.00,  14662.71,    -62.90,    -86.57,    275.00,     54.00
  127.00,  14854.50,    -62.08,    -86.66,    280.00,     50.99
  120.00,  15205.14,    -60.57,    -86.83,    270.00,     46.00
  117.00,  15361.73,    -59.90,    -86.90,  -9999.00,  -9999.00
  108.00,  15855.37,    -62.35,    -87.82,    290.00,     31.00
  100.00,  16330.00,    -64.70,    -88.70,    270.00,     31.00
   92.00,  16838.01,    -66.85,    -89.06,    260.00,     58.00
   91.10,  16897.90,    -67.10,    -89.10,    265.00,     58.99
   90.00,  16972.20,    -66.75,    -89.01,    265.00,     58.99
   86.00,  17250.26,    -65.44,    -88.68,    285.00,     46.00
   82.00,  17541.55,    -64.07,    -88.34,    275.00,     33.00
   80.00,  17692.58,    -63.35,    -88.16,    265.00,     31.00
   79.30,  17746.33,    -63.10,    -88.10,  -9999.00,  -9999.00
   73.00,  18253.10,    -65.49,    -88.50,    295.00,     35.00
   70.00,  18510.00,    -66.70,    -88.70,    290.00,     29.00
   68.00,  18684.35,    -67.90,    -89.90,    280.00,     23.00
   65.00,  18955.98,    -66.97,    -89.55,    255.00,     23.00
   62.90,  19153.70,    -66.30,    -89.30,  -9999.00,  -9999.00
   62.00,  19240.67,    -66.42,    -89.42,    285.00,     27.99
   59.00,  19539.99,    -66.83,    -89.83,    280.00,     14.01
   58.50,  19591.35,    -66.90,    -89.90,  -9999.00,  -9999.00
   57.40,  19706.13,    -65.50,    -89.50,  -9999.00,  -9999.00
   57.00,  19748.37,    -65.84,    -89.65,    320.00,     13.00
   55.30,  19931.28,    -67.30,    -90.30,  -9999.00,  -9999.00
   55.00,  19964.11,    -67.11,    -90.25,    315.00,     10.00
   53.10,  20176.27,    -65.90,    -89.90,  -9999.00,  -9999.00
   53.00,  20187.67,    -65.92,    -89.92,    250.00,      6.00
   50.50,  20479.83,    -66.50,    -90.50,  -9999.00,  -9999.00
   50.00,  20540.00,    -65.90,    -90.90,    265.00,      8.99
   49.40,  20613.62,    -63.70,    -89.70,  -9999.00,  -9999.00
   48.00,  20789.35,    -64.75,    -89.87,    305.00,     13.00
   47.80,  20814.87,    -64.90,    -89.90,  -9999.00,  -9999.00
   46.00,  21049.95,    -63.01,    -88.95,    285.00,     17.00
   45.90,  21063.27,    -62.90,    -88.90,  -9999.00,  -9999.00
   43.60,  21378.41,    -64.50,    -89.50,  -9999.00,  -9999.00
   41.80,  21637.11,    -62.50,    -89.50,  -9999.00,  -9999.00
   41.00,  21755.85,    -62.94,    -89.63,    265.00,     36.00
   39.30,  22016.06,    -63.90,    -89.90,  -9999.00,  -9999.00
   39.00,  22063.20,    -63.82,    -89.86,    295.00,     17.00
   35.00,  22728.77,    -62.64,    -89.34,    270.00,     31.99
   34.00,  22907.06,    -62.33,    -89.20,    285.00,     39.01
   33.30,  23035.02,    -62.10,    -89.10,  -9999.00,  -9999.00
   32.60,  23166.00,    -62.90,    -89.90,  -9999.00,  -9999.00
   31.90,  23300.01,    -61.50,    -89.50,  -9999.00,  -9999.00
   31.00,  23476.96,    -62.15,    -89.34,    290.00,     24.01
   30.80,  23516.97,    -62.30,    -89.30,  -9999.00,  -9999.00
   30.00,  23680.00,    -60.70,    -89.70,    275.00,     25.00
   29.60,  23763.53,    -59.70,    -88.70,  -9999.00,  -9999.00
   29.00,  23891.31,    -59.63,    -88.63,    280.00,     33.00
   27.80,  24155.02,    -59.50,    -88.50,  -9999.00,  -9999.00
   27.00,  24339.10,    -55.30,    -87.30,    250.00,     35.00
   26.00,  24580.67,    -53.72,    -85.72,    275.00,     40.00
   25.50,  24704.96,    -52.90,    -84.90,  -9999.00,  -9999.00
   25.00,  24831.71,    -53.10,    -85.01,    275.00,     27.00
   24.00,  25093.00,    -53.50,    -85.25,    270.00,     33.99
   22.00,  25649.94,    -54.36,    -85.75,    290.00,     29.99
   20.00,  26260.00,    -55.30,    -86.30,    280.00,     27.99
   19.00,  26586.94,    -55.96,    -86.96,    280.00,     29.99
   18.80,  26654.39,    -56.10,    -87.10,  -9999.00,  -9999.00
   18.00,  26932.71,    -55.60,    -86.79,    250.00,     25.00
   15.00,  28099.63,    -53.50,    -85.50,  -9999.00,  -9999.00
   14.40,  28362.11,    -54.10,    -86.10,  -9999.00,  -9999.00
   14.00,  28544.23,    -53.04,    -85.75,    255.00,     52.99
   13.30,  28875.83,    -51.10,    -85.10,  -9999.00,  -9999.00
   13.00,  29024.06,    -51.70,    -84.95,    275.00,     47.01
   12.90,  29074.23,    -51.90,    -84.90,  -9999.00,  -9999.00
   12.00,  29543.47,    -51.81,    -84.81,    265.00,     56.99
   11.00,  30108.03,    -51.71,    -84.71,    265.00,     61.00
   10.90,  30167.28,    -51.70,    -84.70,  -9999.00,  -9999.00
   10.40,  30473.33,    -49.90,    -84.90,  -9999.00,  -9999.00
   10.20,  30600.23,    -50.50,    -84.50,  -9999.00,  -9999.00
   10.00,  30730.00,    -48.70,    -83.70,    270.00,     54.99
    9.80,  30862.97,    -47.90,    -83.90,  -9999.00,  -9999.00
    9.40,  31137.01,    -49.10,    -84.10,  -9999.00,  -9999.00
    8.40,  31880.61,    -45.50,    -83.50,  -9999.00,  -9999.00
    8.30,  31960.81,    -43.30,    -82.30,  -9999.00,  -9999.00
    8.20,  32042.33,    -43.50,    -82.50,  -9999.00,  -9999.00
    8.00,  32211.00,    -42.23,    -81.92,    275.00,     62.01
    7.10,  33026.23,    -36.10,    -79.10,  -9999.00,  -9999.00
%END%

----- Parcel Information-----
*** 100mb MIXED LAYER PARCEL ***
LPL:  P=969  T=81F  Td=57F
MLCAPE:              1358 J/kg
MLCINH:              -166 J/kg
MLLI:                  -6 C
MLLI(300mb):           -3 C
3km MLCAPE:             0 J/kg
NCAPE:             0.15 m/s2

MLLCL:       795mb       1689m
MLLFC:       638mb       3519m
MLEL:        169mb      12746m
MLMPL:       125mb      14596m
All heights AGL

*** MU PARCEL IN LOWEST 400mb ***
LPL:  P=969  T=82F  Td=59F
MUCAPE:              2006 J/kg
MUCINH:               -91 J/kg
MULI:                  -7 C
MULI(300mb):           -5 C
3km MUCAPE:             0 J/kg
NCAPE:             0.21 m/s2

MULCL:       801mb       1629m
MULFC:       665mb       3180m
MUEL:        172mb      12641m
MUMPL:       114mb      15165m
All heights AGL

*** SFC PARCEL ***
LPL:  P=969  T=82F  Td=59F
SBCAPE:              2006 J/kg
SBCINH:               -91 J/kg
SBLI:                  -7 C
SBLI(300mb):           -5 C
3km SBCAPE:             0 J/kg
NCAPE:             0.21 m/s2

SBLCL:       801mb       1629m
SBLFC:       665mb       3180m
SBEL:        172mb      12641m
SBMPL:       114mb      15165m
All heights AGL

----- Misc Thermodynamic Parameters -----
Melting Level:    12391.2
Conv Temp:    35.0
WBZ height:    	  10020.1
DCAPE:        1003.2

----- Moisture -----
Precip Water:    1.16 in
0-1 km mean W:          10.3 g/Kg
0-3 km mean W:          6.4 g/Kg
SFC-850 mb mean W:      10.3 g/Kg

500 mb W:          2.1 g/Kg
700 mb W:          3.3 g/Kg
850 mb W:          10.1 g/Kg
925 mb W:          10.4 g/Kg
SFC RH:	     44 %

-----Delta T and  Lapse Rates -----
700-500mb   24 C      8.9 C/km
850-500mb   31 C      7.2 C/km
0-3 km      21 C      7.0 C/km
3-6 km      26 C      8.8 C/km

----- Vertical Shear -----
0-1 km BWD   18 kt
0-3 km BWD   15 kt
0-6 km BWD   20 kt
0-6 km mean wind    17.2 kt

----- Storm_Relative Winds/Shear -----
Bunkers storm motion    277/13 kt
0-1 km SRH   116 ms/s2
0-3 km SRH   177 ms/s2

----- Effective Inflow Layer Parameters -----
Effective inflow base    0 m AGL
Effective inflow top     1800 m AGL
Effective SRH   158 ms/s2
Effective BWD    23 kt

----- Composite Parameters -----
Effective-layer SCP   3.7
Effective-layer STP   0.0
Fixed-layer STP       0.0
SHIP                  0.7

----- Fire Weather -----
Fosberg Index         17
